0.0,1.16106052369,2.40650603505,2.0440409802,2.21525673749,2.32187553036,1.93992536028,8.78061578084,1.73093768714,1.05007607947,2.64341563165,3.17756214786,1.96643784925,7.86920918068,5.85117897192,3.72800898202,1.05085374469,1.32764870851,1.69217861728,1.76027114501,0.880974738426,3.07308282741,3.35997991707,4.39477201738,3.54290774801,1.2873431348,7.82008393281,1.77812631773,5.87291021426,6.33451831225,4.0079203864,1.71109275125,0.819607027423,2.685133171,8.26302716948,1.99844922847,1.96851237251,1.84937078391,13.4423378065,2.31869038389,1.77827151602,2.66995152703,4.06625928665,4.16374636166,1.46652167188,3.34744010212,1.78866000704,4.38786435581,3.14089557213,1.80226621166,4.51670741931,11.6658037697,3.13113395187,5.4179926935,3.23612385629,1.92762047178,2.26318819082,5.51240381504,3.57305837066,4.14317023859,3.94424192796,0.956853980407,2.05927906921,6.26676409782,8.70289558404,1.16293510528,4.45240412101,1.08150498878,2.70932925498,4.41672106164,2.14048311645,5.931358313,0.626015842239,1.12169790545,1.13575592165,13.0236558395,1.48213549139,7.68616920764,1.67987879632,2.40429140952,1.9015790078,0.740062440576,6.12898729551,3.5999197675,1.72690223674,10.4400028399,3.90479549759,1.47114124916,1.8711246678,1.04135789492,2.39336854961,2.47519841337,1.76918700935,4.11381420284,2.9305014432,3.36787743695,3.15142349252,1.45351368918,2.16573754328,4.94482504783,4.11012853522,4.8184771671,1.6238823695,4.66997587729,1.61316814973,2.2770307361,2.1662493864,1.1919513518,8.61378176992,1.48140321205,1.53887601583,4.94368872501,4.97827788148,6.41535510643,1.69825013454,2.21272760323,4.02442515247,3.51344880451,7.49553840307,1.22499917044,3.76393242606,6.58781041774,2.23368691801,8.23780347082,3.13861255099,10.8451139149,2.65191094237,1.69160074308,3.20473377004,0.945567248228,3.22821067374,2.70829764388,8.33377084692,1.81308066199,3.01366893646,9.51723312557,6.11966019085,1.47312699919,4.9157042004,16.5510099448,5.75927746845,10.6873535743,0.973635778507,0.859216126198,2.97985677749,2.34149144695,1.30443668163,3.07670221001,1.79367682285,4.25011363058,1.24906248301,4.98725422599,2.94858611289,1.74841955717,3.69551472964,3.98430888403,10.2635769563,0.803709319441,5.17962907141,1.94189887497,8.08125113719,3.61628928509,2.56266500285,2.22230154126,1.94943360394,2.19564836761,7.93572953454,7.00615100705,2.32086352411,5.3712042336,1.8731621132,2.43785262911,0.976061237106,1.83725038612,4.86834421249,1.41021884187,3.14803692369,3.57007463285,1.92107766565,1.14539730735,2.76600769726,2.17890233716,2.33232771035,2.83978908597
1.16106052369,0.0,2.48057388936,1.35987596134,2.14468463562,2.18023978942,2.55181977705,9.9379198105,1.63962021729,1.59669526466,1.75955060157,2.85546990456,2.45117179229,7.12662013797,7.18881509318,4.81180053272,2.35519147154,1.33345358289,1.52842981418,2.7033659782,1.20756708143,3.71980431334,2.93682739748,2.79507542695,3.72377667902,1.97345054046,9.40649147534,1.54986653523,6.94113254472,6.97001957185,4.68156646834,2.04981916436,1.56482903472,1.65654254702,9.20524656795,1.84810593067,1.16130352692,2.46832550031,13.8248626727,2.68619754098,2.19137285465,2.56294552599,5.48299224587,5.91749828884,1.81820039283,4.20868261567,1.12643217701,5.67159950711,2.99946147866,2.03938753454,3.07843381173,12.9236396762,3.8048578011,5.45918464447,2.38140087124,1.37350492289,2.55731963471,5.54299124945,2.57311722259,4.82403978995,4.45713414946,1.51579815124,1.64151584228,7.76549351594,10.525317979,1.67485107655,5.09789931853,1.71955554958,3.64094576342,5.89700563678,2.81119165205,7.02291189442,1.38061731346,1.69434111258,1.42851193972,17.8204574603,2.65430761975,9.25998304569,1.96368853033,1.98270576628,1.31338734818,1.10677259927,6.87585371834,3.80864510194,2.79954277169,11.6094397165,5.36948350146,1.49687910042,1.53265160803,1.70092702515,3.07741360415,3.41225317222,0.830527670463,5.6140886674,2.71260065041,4.78082225536,3.49522799168,1.32467742605,1.81034322188,4.98857974868,4.59454720702,5.8878885212,1.58909376145,3.34721465267,1.93406417366,1.78960014354,0.868091667868,2.03270974646,7.08380780823,1.80784035721,2.31947041641,4.70344833592,6.6322369113,6.08893086695,1.92771689587,1.28009540485,5.24417142614,5.11937913886,6.07485184657,1.69643867544,5.09504138896,6.33935739303,2.95592873455,8.99786389948,2.57134611306,12.2363645843,2.96030428709,1.7830769132,4.22221447745,1.81900678195,2.83708359702,3.32320092754,8.59652975699,1.37671831358,1.70345597688,10.7726067558,6.96996919532,1.81187783807,3.8664254269,15.3421662241,7.05502616648,11.8357681058,1.49547645212,1.61715870588,3.39784636796,2.04692526592,1.95842819619,4.1021707575,2.24574226773,4.7500085461,1.18775095758,6.50470934042,3.56276572945,2.5162947572,3.21829679088,3.33213798395,11.5233816107,1.66461987254,6.24790139432,2.31569520706,7.5244125803,4.29922354587,2.72809031235,2.13167428015,2.56605941255,3.0294447245,8.84270780529,7.83089771844,0.947726047272,6.50735406407,1.60312265804,2.40947642216,1.36283024032,1.77889868221,4.18388271512,1.24731336957,2.90096803921,4.3729187127,2.14915431727,1.00987386506,3.27073940686,1.03814214239,2.93488095124,2.41365736793
2.40650603505,2.48057388936,0.0,1.95254629683,1.14130218166,1.59220420184,3.7633277262,7.62136548498,1.88897385279,4.59800374702,4.82814661842,1.72299702574,1.7030794348,2.55155494752,3.22574054121,4.32012638072,1.42012871423,2.78176800257,1.17247219462,2.77693326411,2.20298448114,5.3219506406,5.57256798428,1.52960403816,1.4733920991,3.93481382591,3.67149538188,4.83032053242,3.38001140323,4.48800242012,1.74922051799,4.65966182202,2.79944665793,4.30364196256,4.14188704724,1.77855168998,4.38868579616,2.26781069303,7.77669263799,1.32770924062,2.39540451346,6.48314924895,2.00311211918,3.36555643781,4.47343296088,3.8296752237,2.56243129735,2.9684950203,2.24912848183,4.32092752929,1.94841536699,6.43459638277,2.31271178813,3.82865269985,4.73813194234,2.43651106121,2.58926067337,5.45277364332,1.34095802392,1.4246147775,1.45504809434,3.27655085505,0.885079468537,3.47637928698,6.51162581616,3.19199810811,3.43160218075,4.14242609168,3.24603585601,2.41805982484,4.22037447653,1.58468710743,1.83454720013,2.84190016499,1.29236009409,9.45758095607,6.40338292664,9.22842992487,4.71219687134,1.44429335349,4.28306759534,4.20043624858,2.15634676599,2.32044641537,2.94657473302,3.97748276271,2.92026900363,2.82327621905,3.97549769622,4.52997629966,1.71531217809,3.36251291508,2.57837903548,2.09001054135,6.34432215006,2.61581364709,5.45903312359,4.0712776759,2.78465395882,5.49203458235,2.15851481472,2.0770144551,1.34395743668,1.77231293222,2.59564838474,3.32622143001,2.07188536335,2.8467809283,7.78296136158,2.49302926285,2.44986077647,3.27665311449,2.82917669887,4.3745102626,2.18420269635,2.13891407379,3.9497917097,2.90556081774,6.2680843647,1.39413590118,3.15005087287,4.75234855068,2.13916928148,3.09249528282,3.84823076656,5.4504424914,2.01031720846,3.69580458261,2.81492666116,2.79492067418,5.07337629637,4.06348754488,5.01438705388,4.1786565162,1.21938858502,4.4490845806,1.6958790209,4.45159418061,6.24992228776,11.6297690873,5.03731988478,6.98101030711,2.81472512956,3.72627355169,3.68963588553,4.46715027669,2.28510618073,2.5345033841,3.70786200856,3.14189643459,2.87036319526,5.82875177916,3.47847647391,5.49375843555,4.44510526678,1.29509664705,7.36362431351,3.47796656876,3.28610866728,2.02536982936,3.91176074208,2.60906023264,3.33368111528,4.8892567141,4.07691113706,2.72555035579,4.84347439005,2.96298314331,2.74039245868,3.07789780454,4.69208268144,4.37996908469,3.33836128875,5.15326501015,4.78345379068,4.65902820622,4.5487917081,2.79375520113,4.09742984686,2.97262890794,3.51774732442,2.84668884308,1.58614672522,6.1428798771
2.0440409802,1.35987596134,1.95254629683,0.0,1.5934197048,2.55923260494,2.5503475737,9.4569135064,2.18304604383,3.27748276463,3.1332539848,3.01907383441,2.35877797941,3.18329902111,4.56296091078,4.63624675387,1.85656555262,2.17214488899,0.725994646595,1.66786086039,0.870524693694,3.95318050051,3.53755126808,2.4494449348,3.14717313261,2.34568356589,7.31367840165,3.52274091255,3.81518540044,5.97866207243,3.4145134655,3.47775135173,1.51272150624,3.04486198123,7.46822948112,2.55647269101,3.63010892692,1.54713911176,12.4413661216,0.854460942182,1.61970720062,5.03737727632,3.58792069064,4.78611562043,3.3590767046,3.25642495703,0.952455964999,3.35670950942,1.72449559156,2.86368328069,1.70568185791,10.8068485283,2.08504011196,4.95763904781,5.03067472277,2.79639709414,1.62751840577,4.80725433319,0.673571049617,1.99501649483,3.19605521992,2.65415418096,1.27708158771,5.06284153617,7.26984455758,2.95816922079,4.53847227891,2.81533912827,2.3151649006,3.87943284014,2.75947178679,4.34830899833,1.64185897915,2.41362464878,1.13823201137,10.5752471157,3.99414789476,6.90777022684,3.05996590172,1.03387076704,2.82866091397,2.27903173615,3.54638859814,0.977884611847,1.36053049613,9.02974546161,2.64377905289,2.25303916397,2.64228203862,3.25678870571,2.82334441891,3.29999894041,1.33575555967,3.03084995678,5.65367012974,3.84949480798,3.47504151318,2.54553582434,2.85626131603,5.53860736509,2.36155951262,4.29042436846,2.06150168795,1.00957432682,1.84649846413,2.43471624324,1.88320037907,1.755941646,9.03796024936,2.35132281652,2.35332443987,5.40701452314,4.71921746035,6.33218829511,2.25287678127,2.08022172621,4.28772667966,3.36562532988,6.70585763174,1.32284550701,3.01090176812,5.96868943108,2.47757984968,5.60231616578,3.07266021797,9.59106338311,1.08742063341,2.78562954748,3.25577651631,2.01017890068,3.99582194577,3.78889219232,7.98225749799,2.48472852559,1.50439987533,8.34660760712,3.89513700918,2.79799440842,5.80273782492,15.41278286,6.63111103805,10.8256899465,2.12383992207,1.81499374393,2.6489774226,3.26991289604,1.66911570567,2.35915978735,1.82831456344,4.06330635045,1.48146320169,4.82355083481,2.64341212086,3.60307824664,3.8598865477,2.33592233589,11.1955868759,2.64448255842,5.31329133406,1.33796325953,6.71108321186,2.57323359655,2.72082640323,3.28092399091,3.13994684485,1.92817906893,6.74842809146,5.52207439649,1.48745792581,3.99976560452,3.86396580577,3.49630994474,2.15372937506,3.66951432121,5.41270953668,2.60845179149,3.06131481948,2.49723459061,2.6674539946,1.90199893813,2.50320523292,2.18407308488,1.65006242367,3.89502663571
2.21525673749,2.14468463562,1.14130218166,1.5934197048,0.0,1.75824690596,4.22503965752,9.3156630832,2.44124629023,4.58970479404,2.90150429067,1.2221446856,1.33451768368,2.90557352232,5.00734991628,5.32910095721,1.87784817279,1.88415792335,1.37446777224,3.58722861456,2.34425547699,5.87593922406,5.29489136491,1.11890372973,1.55054813277,3.97001469737,6.50027498146,3.23469760653,2.69288745566,4.73623041756,3.1867813367,3.93348034481,2.99225268774,4.4394386267,6.81798430288,1.70622700198,4.99269588343,3.36829427719,10.9331676435,1.67284643359,2.81144738227,6.02845133065,3.40666231257,5.57151467056,3.11337277896,3.59073712805,1.98262628131,4.55442077336,3.33819610965,3.93215883303,2.43746084355,9.63597742371,3.88183948976,5.62695291747,3.93672064564,2.01829514302,1.48593295305,5.40462221502,1.28271431496,2.70354157469,2.6778636107,2.72038561963,0.827628042509,5.24488429396,6.52265665807,2.18045667091,5.0759507716,3.57990162133,4.50344382803,4.0046009416,4.20404961085,4.15583144442,1.65859399262,3.02102321289,0.927886118909,12.5796292153,5.36227441853,9.31224930532,4.23467158946,2.45460836323,2.45281960966,3.14295939505,3.53814680115,2.91282698775,1.8516895752,7.56049415198,2.35044667622,2.98703883309,2.5805068722,3.64033047544,2.9041703742,4.47352072883,1.72970195652,3.79964721341,6.39035512464,3.73510165536,5.4390946647,3.80820792968,1.86230551664,5.7371929687,3.64680907283,4.38886572787,1.98337057318,1.52166639071,3.37027539898,3.77169078981,1.58740498656,2.18523346682,7.97707969223,2.91616624467,2.30304877095,5.04477492189,4.88482944767,5.14064400457,2.42139748114,1.23880959629,5.51689564964,3.87035440734,7.00364602549,1.7847242486,4.44023117204,6.16951604784,2.66151333608,5.57410577085,4.21309117412,8.42886720536,3.21429476276,2.99646315594,4.09515350036,2.86852417341,5.15487429985,5.02602808111,7.52878661527,3.66969355405,1.57506851406,7.30600805503,3.9022542226,4.3347632586,6.94705285079,13.7839493799,5.91902442387,9.26184619969,3.59136036685,3.19442128489,4.67124728464,4.36522269989,2.856400794,3.46777613845,4.38712222787,4.60941682067,2.77319149683,5.50497372581,3.98682743771,5.08663379655,5.34188534247,2.83875921342,9.2939989485,2.67408207348,5.78601989433,1.15965406617,5.88148913765,3.78566017532,4.20348137846,4.27598623597,4.57310395902,3.55481965486,5.77299954352,5.53594392957,1.10539768752,4.59293276727,4.52756306281,5.00968551145,2.53990014357,4.88039417559,5.77586445614,3.26560437096,4.16497334423,3.30615172433,4.63139536542,1.88408026566,3.88368691464,3.3095434044,2.62180825963,5.353920827
2.32187553036,2.18023978942,1.59220420184,2.55923260494,1.75824690596,0.0,3.39497958782,3.81034394985,1.20950972169,3.43743985499,3.58052629278,0.589077884333,1.49047034253,3.09505547108,2.79720935512,2.49189230235,1.18624081043,1.655293778,2.43399013219,3.0880428709,2.64887727349,3.6843255354,3.06011870657,2.16746374993,1.56031214984,2.88313383216,3.45023329828,3.88549267528,3.52221813294,2.6850764919,1.05193125605,3.72586929199,3.09779583076,2.92379877868,3.83898863617,0.847218340252,3.09941827424,1.99763556758,5.40477772406,1.90666806637,2.88317281201,4.03465347419,1.6332891811,3.24982274064,3.24382352185,3.9759360046,2.10014925338,3.66495517234,3.95781233938,2.75786097028,2.69366075218,4.01345679825,3.13407206777,4.21732309457,4.90405802546,1.54512615725,3.29567784271,2.84743786923,2.08526703506,2.34755737293,1.50904005382,2.53055002532,1.44573356186,4.67902088277,4.96362297394,3.20539167296,3.20668677684,2.88799293586,4.46349695775,0.826929284762,2.78821042307,2.22419415016,2.34779953986,1.62221071398,1.59891909524,5.57172821211,4.18109851759,3.43227493632,2.92780648746,2.94536671699,2.82872743535,2.60113052938,3.82356021294,3.55521899947,3.18530011909,3.94392821619,3.21097906061,2.39846742415,3.33042740231,2.84723860778,0.979835205716,2.68984717761,3.41051635279,2.99374034711,4.63278509359,2.05343105176,3.31361646706,2.78694512424,1.34742053305,1.80861724803,3.463806733,1.67660739715,1.3859814386,2.62576348728,3.53290679675,2.47224459364,1.74029753017,2.96404201048,2.39295852818,1.61024905862,1.75232767375,1.94115630855,3.11804520305,1.77135794776,1.52336238808,1.51018019563,2.55896551547,3.42871271226,2.70056774877,2.40952240198,3.44942664232,3.20065429717,2.0163129747,3.95734396136,3.14142094966,3.70110848496,3.31756860444,3.87668747595,2.49308825391,2.73543606907,3.18832391095,2.7400217469,2.55340132674,3.29624882155,2.60357520042,3.73536007396,2.70413605795,3.40907047219,3.72647229081,3.25233704604,2.80562412764,4.43928580801,2.44336715383,3.65394705124,4.45607106235,3.20138068637,3.09037936546,2.40997161349,2.8681121475,2.10498357365,3.0830675014,4.13304286412,3.3015793707,4.28597714562,3.38235244656,3.13461653491,3.64042610058,2.58318011571,1.20021227192,1.7875990978,2.67191054813,2.78715764228,2.68779945261,2.95619299872,3.80180096125,2.83202361631,3.63818733737,2.87325795191,2.12272628481,3.36500816859,3.11733417025,3.06500845749,2.50119834193,3.2758876575,2.35288878958,3.08309726207,2.65051770222,3.66186177433,3.68372049911,2.81685752819,3.10015863205,3.00633009394,2.63548352819,3.33863574552
1.93992536028,2.55181977705,3.7633277262,2.5503475737,4.22503965752,3.39497958782,0.0,5.59146081686,2.01426291272,2.114476594,4.58410160285,4.49826697276,3.60951133228,7.74733853013,6.35748433555,1.30552630838,2.36486971133,4.58172927988,2.70603992013,1.65948394801,2.0847155711,1.48479285718,3.08545223586,4.5767517437,5.11686533596,1.34654673333,5.61299667524,4.96468336946,10.1700773944,7.04105558379,3.25383073376,2.90759946664,1.80365389056,3.41456966261,5.68233727573,3.4523297351,2.61068739186,3.03720129291,10.7053955749,3.09505947685,0.735604853978,5.00488880399,3.61640562253,2.12956977411,5.08999651826,1.84002899739,2.15382108759,2.49081688774,1.49484779115,2.26681315742,4.93173039491,9.00044132788,1.63549260664,2.83005642561,7.23207780523,3.17924577827,6.57784728631,2.17269380074,4.26418323525,4.79873537555,2.68078136517,3.23145732625,3.5115989821,4.20385725457,7.40350387714,4.08085109177,1.99722088981,1.59276590856,1.03781084868,3.99628761408,1.99097917067,4.92883031962,2.11050215883,2.15822567312,3.71301615928,11.5404367158,3.19446749917,3.63157178184,2.13654108024,3.18070546167,3.84853079902,2.47793891844,4.38254760574,4.5247683096,5.36341096491,7.11951966521,8.14969899675,2.14414406831,4.77576520524,3.930994074,3.62981988109,1.51862724428,4.12693719222,2.70079932676,5.50308315472,3.07026522405,1.41757777878,3.19109418833,4.14566718557,3.71676426987,2.59752267649,5.03928969143,2.57881515358,4.57455306644,1.306795451,2.5192484497,3.09108022847,1.40421364922,3.53030685199,2.69756822151,2.3886507848,1.78543690398,3.32151905283,6.86274274982,3.07049049443,3.29260971685,1.73913826218,1.76590874783,2.23111664797,3.48130240067,1.78709376124,2.26995069456,1.86705766025,6.64163526379,0.989779226081,8.02122873837,3.09999016908,4.71628423748,3.4532276158,2.58435792865,1.00926541662,1.2070780279,6.11726538646,1.88904169301,4.02890848017,6.83683787605,6.5689902867,1.89343162572,4.32626196924,8.15107681094,4.08976002711,8.53659714889,1.52938736824,3.32098286437,0.799103535949,3.11756605309,5.22430975781,2.33524044057,2.3956607926,2.24654069841,1.75435687608,3.45506145238,1.17397057399,1.26560490263,1.50204662325,4.43898506966,8.45576017661,2.61047216111,3.11475131598,4.41967661149,8.25017300168,2.16658518959,2.0596165994,4.16652313964,1.01054614216,0.933620179401,7.16184641874,4.78902971304,3.24201675454,2.96964529067,3.35595520964,3.36693706608,1.77291255079,1.59859432459,1.22061098041,3.77678406863,2.15611628745,3.92421866247,1.06793928112,2.89534636802,1.80899113992,3.12692522623,1.19642868436,1.99930779659
8.78061578084,9.9379198105,7.62136548498,9.4569135064,9.3156630832,3.81034394985,5.59146081686,0.0,6.13258661975,10.9927514226,14.4364133408,4.69238034023,7.76318245589,4.84079990999,6.1973471676,4.69163817503,3.29865910745,12.6959710327,8.29372578134,7.97356292383,7.52483545897,5.82870467785,7.87708201115,8.8781274282,7.45521868231,7.36024190072,2.65319751282,15.9871866619,18.2031214726,7.14004732626,2.57790981099,13.1758116444,11.0743469139,10.3480680453,2.2130169791,5.88977479236,12.7351288895,6.06116388051,6.0031746719,7.91530238067,5.68239130445,12.917656646,1.54960131591,0.819494272009,15.9617593978,2.50962200642,5.71741166727,2.21621284817,5.13268460406,8.54879018501,8.7985508482,2.76677634098,4.68527652005,3.0986360365,14.8537361086,7.61620138199,18.2672678627,3.22974698914,7.44973479405,3.49035773506,2.72433169221,10.6656209902,7.93132393122,1.94175000543,2.98845167458,14.9478587903,1.13604739458,9.66508498892,3.94672966483,3.09402821752,4.21378926074,4.87633674811,10.7980786805,7.55164871419,10.6498839095,4.65437950715,14.1913579586,1.91066338476,10.081005504,7.44129851614,11.831851598,7.9477946912,2.8440309245,5.59305728561,14.734570811,4.19344668486,16.6606602,7.4672352769,15.8336015659,12.4625587755,3.99081707086,4.74794879781,13.9781186389,1.79476479408,14.5411654159,2.38461637622,4.59388994237,9.51653208581,8.81509470488,4.96574053527,4.85759599479,3.13790979839,8.16927182602,5.49796323991,8.1148200732,7.03916398299,7.91655132659,9.67083250757,6.29712412272,6.40481397631,2.87245117424,2.76269682225,0.923938137083,6.34958813901,4.87146772292,7.04989390391,2.44586873751,0.93939775657,4.38198931647,11.0323382623,1.23589338536,1.05185685214,1.72817647968,6.1081468799,4.38733572175,2.58338417388,5.74594433713,16.6621529812,2.15783298881,11.7962008369,6.10263917823,3.54125975084,3.02735930468,6.61494459015,8.71203748524,4.15318741368,6.65159731474,11.0062177569,12.1663389996,3.59301774556,2.07144711541,1.52560174857,8.82995163827,14.4052045021,6.36632892105,9.56319668604,14.3132747927,2.48224836006,6.98806540294,1.89231235483,10.1389577363,1.06687749437,1.14289926368,10.085402711,5.01331027085,5.07295108022,2.37173378075,10.9177765815,1.69806228601,12.6045060673,7.44775129252,1.88110437242,5.66151315377,8.42277971661,7.45889236089,4.59841430556,4.58058426624,2.90008734545,9.36300317833,2.15406378347,11.6819045196,8.46053960309,10.1355060576,7.85256618949,4.09542261094,12.5915991625,7.21518050991,3.27182668258,8.96257852143,12.5602573296,3.44545514864,11.0962827962,2.80078944914,9.61624824249
1.73093768714,1.63962021729,1.88897385279,2.18304604383,2.44124629023,1.20950972169,2.01426291272,6.13258661975,0.0,1.9570927235,2.30630063966,1.87942373885,2.18778298988,4.81351672622,5.03304999582,3.39030366618,1.40644106164,2.16227254058,2.10620267429,2.56676252324,1.50895579605,2.70480649613,2.04716544689,2.79004382914,2.61372362206,2.04656234325,6.031470839,2.79274826251,7.99045439784,5.01919773054,2.75688556439,2.07636362646,1.58513937363,1.50351140138,6.23240316707,0.69500203988,1.41258003065,2.17218408495,10.4812723733,2.47243892739,1.83360930924,2.44858003716,3.23701228384,3.73648282542,2.25737979514,2.87281683875,1.45416220202,3.88441858785,3.02178654741,1.78636139803,3.42235499215,8.59305750809,3.03218042334,4.0536075138,4.86601359116,0.686326522552,4.91808622585,4.14977138491,2.42063049898,3.15151399805,2.44935128808,1.26596601401,1.88228408657,5.07986949323,7.06321585925,2.92443228734,3.42156096642,1.56860005264,3.77486524447,3.16954584503,2.82425052097,4.78873658597,1.58454522116,1.34769948685,1.98234796462,11.855103733,2.46080239929,3.6408717946,1.52471673279,2.04745179888,1.97768621763,1.83867875412,4.68310818618,3.18236543067,4.63490764302,7.90950083176,5.61056252818,1.89061355033,3.07382211822,2.02309276708,1.492259558,1.98871530482,3.1201860732,3.56637138501,2.7320975888,2.84088245429,3.15052503,1.47022043017,1.34350058453,3.21257170442,3.51851559043,3.45528378868,1.35996126883,2.89526386755,1.99602172504,1.6544686437,1.89187292281,1.68764879154,3.8628931447,1.09933168359,1.2777908986,2.00466515543,4.28849065772,4.33167293994,1.17357065112,1.40207854673,3.49080143719,3.36033712085,3.17996893953,2.43313841471,3.31518367754,4.14945227594,1.83016014613,5.81354107497,1.8308472101,7.86288274014,3.2097772372,3.29506533279,2.71366185681,2.26491249633,1.99732608457,2.42816734464,5.43871210412,2.04020326774,2.6306025739,7.80142806237,4.52148111742,1.44857676471,2.08800090896,8.00127620784,4.17995303163,7.47902592964,1.43361875593,2.21953005285,3.32801991712,1.56676840111,3.31017566757,2.51508866157,2.52225888761,2.59622939388,1.67184730553,4.69670708036,2.96800282964,2.58343903422,2.6710972884,3.01070253148,7.22507397119,1.66685434795,2.97440826692,2.67939608613,5.72959828918,3.1984486146,1.76753582805,1.8088195689,2.47734407327,2.29581943989,8.67483614377,5.56038253343,2.05677104719,3.63827347764,1.79606771606,1.93468649728,1.49660863696,1.55284254283,1.53041614141,2.24567675835,1.76320284742,3.13737920161,2.3978467727,2.62605866699,2.59770573132,1.93978858492,1.42229123251,1.74913692566
1.05007607947,1.59669526466,4.59800374702,3.27748276463,4.58970479404,3.43743985499,2.114476594,10.9927514226,1.9570927235,0.0,3.29474794758,4.88110570903,3.51193039094,7.41157487836,6.69927189624,3.35415536302,2.16607200107,3.07716714721,3.00412090853,2.48396796593,1.86901035609,2.07609380346,1.59557366492,5.3591619536,4.71705336431,1.9288544801,11.9049347804,2.63967039612,10.7607172087,7.10712698856,6.11573274665,1.55130988993,0.868132773548,1.47959669948,11.830004886,2.98730375277,1.17641173841,3.50125728223,5.10734447037,4.12859132725,2.74188249759,1.51530389423,6.66247281889,5.71233964441,3.13858226747,5.11198842318,2.96352714163,6.44786234354,4.10440813457,0.695368079966,5.73379673595,14.7995955482,4.38991447966,6.18933076769,5.22619724564,2.46597531183,4.98145445078,5.12368843165,4.69687197467,6.41078379606,5.57638228001,1.70468947449,4.22330166759,10.2811403131,14.0592171487,2.60676386872,4.67608652176,0.79191596745,3.54173216705,6.73223976404,2.23939271985,9.463414241,1.72401676744,1.72222059325,3.20871782259,11.6770558589,0.910925428132,8.07391695782,1.2274128982,3.52355764829,2.28070221938,0.81454083988,9.16634023168,5.61480842587,4.50701808983,13.4389692733,9.78197643136,1.75519142926,3.46240434499,1.21187316024,3.24581753086,2.10675304923,2.70648189129,6.81622718401,2.46218480596,5.86545204089,2.25126794865,1.40488319253,3.24389171896,5.67938835314,5.44842300195,7.03513345737,2.74480317195,5.43197347155,2.11419849997,1.21297118725,3.40936199351,1.79748231195,8.44611190328,1.81115357209,2.71118289383,4.91679082366,7.01020598103,8.26870974371,2.1056865929,3.05584871879,4.70924071786,5.74409429548,6.66504259925,2.39428512254,5.38143216602,6.35815773371,2.73685564647,10.9276912077,1.7121447965,16.5058785261,4.56361369272,2.47428719539,4.19278521888,1.70725196689,2.14225280068,2.04669177746,9.21169234224,1.32947277145,4.13346414505,13.6913471936,7.76562675213,0.620315031989,3.75126830288,18.4980851412,7.13382946872,13.4392538982,0.825053748595,1.1315199348,3.48258732054,1.39641138189,3.7641471976,4.69717009335,2.66805295831,4.31521776205,1.65130779658,6.92627805329,3.88738529062,0.905511097444,1.99569155002,5.78579857669,12.2446201739,0.804843229937,5.89382342304,4.58644933863,10.7381038764,4.37131892253,1.93834785067,1.56360740783,1.94106755373,3.09733399015,8.48368970446,10.3375241686,2.98220828458,7.12257400889,1.17062601259,0.969916335335,1.08109390215,1.07879971089,4.20708049849,1.46870253443,1.71962985971,5.58731362844,2.02401311835,2.43997953941,3.45945353313,3.32211530454,3.1657272286,1.47685893322
2.64341563165,1.75955060157,4.82814661842,3.1332539848,2.90150429067,3.58052629278,4.58410160285,14.4364133408,2.30630063966,3.29474794758,0.0,5.38091529436,3.06454167548,9.31913094384,7.46857014371,8.36470246805,4.8630727813,1.68361375471,3.23518929933,5.51888634575,3.76305679368,5.47992653859,4.60095755601,6.20375879035,5.44029136005,4.18695463238,14.6373984215,1.17761004107,6.02119915307,7.90421178884,8.80184725108,2.04301799607,2.47361794698,2.16712373003,14.0315130765,1.91109542166,1.75017850663,5.23644813666,8.13547225717,5.17284194504,4.30292371391,2.08922978805,8.968188254,9.6497830358,0.659673181018,7.95788117026,3.90550465835,9.25963461751,6.20403442732,3.17602346648,6.58497800369,18.1660056189,6.76307168156,9.10417620018,1.94958188472,1.15232579811,3.61765360701,9.45309354303,4.78812442482,8.7846078807,7.77784048949,1.76454444623,3.58161739264,12.2701577815,12.0387643574,2.27598969239,8.92895986878,2.23875780835,6.98331673185,9.76349676843,6.48146398057,11.6616263898,1.88329712043,3.57401350125,2.59578916882,15.0607892807,2.564717844,11.1321526266,2.15129388881,4.68214983074,0.757219226622,2.94253866816,10.3092162441,6.46964944688,3.56123706392,16.9660103857,4.3751654246,3.19315913268,1.55398983931,1.92807080426,5.97700480225,6.05134947928,2.52848635579,9.6616417531,1.74265940871,8.62887717332,6.47481593081,1.63478184341,1.21426078689,9.42294783886,7.83653333892,9.73623995331,3.38519876973,5.6720441211,4.85416775145,3.56542460875,3.13597993262,3.28423630033,10.2677294423,3.54694813518,5.42349209016,7.78744089233,10.3647926419,9.57627375087,4.1648812144,2.93911679608,9.19370398151,8.91835359566,9.08923241783,2.40350155101,8.61973517248,10.9867671334,6.77742450253,13.1879970576,4.93598842877,18.298505099,5.81900410608,2.34826076292,8.79119038754,4.13902905299,5.27144615743,6.60128520597,13.7952342532,3.76063588197,4.40064054807,16.6342321685,11.5270474878,2.67791657857,4.67716033583,19.3746272778,11.8841070313,17.4984288767,3.01167125507,2.20972114887,6.21076690231,3.28250525215,3.10635472975,7.78677879813,5.57075464631,9.22497498762,2.74761201426,10.2211023354,7.5461022725,4.72029877834,6.61740135444,7.44834391447,17.2073177576,2.27557187553,8.4402615146,3.20394899082,12.2714693669,7.69850947861,5.36323570725,2.09399279757,4.81939935222,5.74155627674,10.1609770844,12.5599011275,3.42242207348,10.6160484296,1.8554611687,3.62875089081,2.3290088034,4.1533102862,6.10792532567,1.47266887509,5.23770653554,8.16085052056,4.56274187598,3.06133026909,7.17058525486,3.64364886378,5.95523984415,3.98783997566
3.17756214786,2.85546990456,1.72299702574,3.01907383441,1.2221446856,0.589077884333,4.49826697276,4.69238034023,1.87942373885,4.88110570903,5.38091529436,0.0,1.33936875659,2.18181911766,1.7291471818,4.06883296196,1.58094804593,2.90786905691,2.77303057055,3.76398216767,3.03998266946,5.10965318656,4.75020141624,1.69618020915,1.09515151398,4.05956418672,2.61981595999,5.75014594952,3.65491404942,1.44095022444,1.42436777788,4.80149270942,3.85490323911,4.30380828782,3.26297877051,1.52425850546,4.39997730049,2.4510229419,5.42577967107,2.61611966948,3.68843601603,6.21636129158,1.76214603013,3.74999903744,5.03972370882,4.23646608138,3.06821083424,4.69579970391,4.06241596325,4.34720150356,2.41937553042,3.49581921426,3.53006543137,4.79595477356,5.49581432375,2.65680498855,3.90008391692,4.23176852664,2.23397943184,2.49596658842,1.28834037176,4.02374289713,1.50867313146,4.94483046118,4.74261705904,4.07143364795,3.7676063452,4.02289512406,5.0491777948,1.34414324877,4.16645291503,1.36563028513,3.25865452086,2.85413362298,2.13312828392,4.02546167703,6.21466761634,3.88458244143,4.70287910995,3.02340232231,4.60168627629,4.01658070771,3.56811597527,4.09905201167,3.80674882185,3.03048186559,3.229521532,2.7895230815,4.82493428675,4.7670392132,1.74124952207,3.26632665434,3.8312455244,2.85905563124,6.54920269567,2.09736944555,4.95699117858,4.34030160723,2.46734903397,3.94303938433,4.00893853825,1.58646696158,2.11511303948,2.66306687043,4.5353392189,3.28677603042,1.75161695266,4.09021854488,6.27616365594,3.04770684625,2.45477101049,3.22729425469,3.12038928384,1.09020313147,2.257326185,1.83804467131,3.82604116158,3.6500626436,4.71195950966,3.47617414841,3.99201806709,3.96677602097,2.44893218636,2.92999319703,3.86978957421,3.28379112882,3.78256898637,4.79013230943,3.09672634726,3.48424377182,4.70225137292,4.17018962278,2.39579441229,4.04892278952,2.42492418655,2.55652748079,1.59324349984,4.7928715187,6.6684004424,7.08142460325,3.03898956659,3.34947175709,3.30852932987,4.97140586386,5.47357233584,5.04692036687,4.22500561774,3.06597625727,3.87875786597,2.91273215195,3.74849981624,4.77760046734,3.75531351776,6.03911238966,4.76099272167,2.68055731924,3.33465933227,3.84348276147,1.72320119416,1.71560360326,1.32444158556,3.18916779913,3.78844332223,4.61003503664,5.00422863534,3.5907102346,2.43077224982,1.99474985427,2.44014333155,3.95836291119,4.79233676408,4.37645348983,3.63244455514,4.64387105714,3.66788441594,4.40661529201,3.88098035706,4.06331954362,5.34269992995,2.97887522305,3.73771554495,3.82753494421,2.84013020013,5.12405734157
1.96643784925,2.45117179229,1.7030794348,2.35877797941,1.33451768368,1.49047034253,3.60951133228,7.76318245589,2.18778298988,3.51193039094,3.06454167548,1.33936875659,0.0,4.69293975164,4.15139810462,3.5463387098,1.30524406699,1.54781441647,2.00442358671,2.18393236602,2.44965046596,4.65252885665,4.10780581146,2.16242643607,0.608682846064,3.80651147738,3.46612708345,4.02169415945,2.91602736316,5.23516034497,2.04329296973,3.0839320944,3.11618166087,4.15384329758,3.81723097955,1.96065869493,4.25968621283,1.99205221971,8.34143178585,2.17702793436,2.53571821149,5.49210618779,2.23443540249,2.65697788522,2.98893623991,3.56897171886,2.35905663718,2.8567859163,2.58376102662,4.17204946744,2.41582330983,7.09550731198,2.2243815084,3.85081598803,3.89621663065,1.8926021695,1.91190532365,5.06170889276,2.29486670859,2.86921058113,2.78808966937,3.11802141703,0.94916081356,3.53992206779,5.23263396294,1.60752103627,3.53179475759,3.0441553207,2.9944328565,2.10384578243,3.42265955181,3.07143956042,1.98930169535,1.83647271112,1.40267209348,9.84657020269,5.1384773068,7.28334605281,3.74843795233,1.57825858894,2.36256307543,3.09147227836,3.56212302509,3.02501323739,2.73622108665,5.06214968145,2.89611308732,2.04348481439,2.82323172718,3.31871837469,1.47689647148,3.0513534844,2.40605769198,1.83163658048,5.73375319218,1.87207778412,5.05398826188,3.65429923232,2.18817165262,5.51202570259,2.39702368262,1.35476291923,1.44164336082,2.9869239873,2.80550372439,2.79403705943,1.52923042577,2.6819697524,6.64410772774,2.50978497857,2.18431507113,3.61415585786,2.86367357624,3.29499878173,1.74940263817,1.51282882232,3.27470159458,2.10584292533,5.23845034764,2.48804604523,2.63234023871,4.59170058308,1.63044404938,4.95756047975,2.91399828852,5.0622764817,2.55068258512,3.3995450505,2.30627478723,1.88030423635,4.76254498685,3.30625637057,5.45971031072,3.40813492852,1.89739218869,3.95856678381,3.6505152581,3.82749006337,6.36624640359,11.3913705264,3.707449359,5.98341007137,2.95934244241,4.07754475476,3.83791188321,3.81988986598,3.43848272672,1.96036701884,2.6222500857,2.97219778521,3.01276811399,4.49241311098,2.45910145494,4.13321646059,4.13449808188,3.0468858485,6.30085786718,2.43394849131,3.6936468653,1.44560873128,4.16852560225,2.10099070701,3.71730976406,4.1202285821,4.44668581124,2.36440810819,4.47656397319,3.18283061212,1.91410875754,2.97645189355,3.22826904493,4.39288376833,2.14366303591,4.79330540776,4.23691572449,2.60532856765,3.38931260655,2.48071634677,3.85012249538,1.61794972392,2.64362278667,2.69118434881,1.98160939008,5.15398411518
7.86920918068,7.12662013797,2.55155494752,3.18329902111,2.90557352232,3.09505547108,7.74733853013,4.84079990999,4.81351672622,7.41157487836,9.31913094384,2.18181911766,4.69293975164,0.0,2.0634100963,8.50713031101,5.23019885118,7.74850800385,3.74523064843,7.26344732281,5.7252399173,9.39012745709,7.03105733269,1.08090155812,3.39242210811,7.11011749308,2.67576871564,10.4159510793,6.62329042358,2.44595921286,3.74142691418,8.62758906008,7.34862758125,8.77408004685,4.53351341758,4.0920118292,7.28826922948,5.01654235282,4.97175534314,2.80173730192,7.38879885102,9.04125803963,3.25112026069,5.02846691477,9.18537746552,5.49034242133,3.88053060045,5.83630751992,5.16481346679,8.85652498303,1.49803910135,4.25106786384,5.23421676067,6.62205133756,7.99904134285,5.94917287415,6.8119914344,6.87114161132,1.52504985576,2.47458435409,2.94717074942,7.45407879315,2.45717533765,5.0624814111,5.1276278024,7.01867646108,5.3081547694,7.38083996073,6.14781336012,3.20866788807,8.51088759065,1.80375228658,6.74180910443,7.83954884075,4.28386348518,4.92046458703,7.80732012306,4.31885790685,9.02478961628,4.07965388966,8.75125118882,8.84205277998,3.98416513541,3.27495033103,8.07557781648,2.56264743305,6.52639833317,6.71253713886,8.88467533456,8.99632180839,4.38640773873,6.81351605502,6.31556036463,4.2511445168,8.61546527563,5.11981216742,10.0672726051,7.62518978726,5.32203242591,6.88532978046,5.67598538454,2.18611086761,5.41237146255,1.2969218879,6.08558494298,6.29158182473,4.96556581221,6.83791420215,7.38624661796,5.83309832333,4.90900824691,5.93287198554,5.31127009526,3.23527068124,5.61575943709,4.68920630753,7.12307012899,6.15047270653,6.47891066819,4.38375048598,5.79813339701,6.75416726854,4.71928756145,3.12600394146,6.95399214124,4.21056006366,4.22204163295,8.49961901305,3.84574455978,8.20822739259,8.17030875511,7.59488407331,3.0348023633,6.98223308039,1.87268015579,2.66024266683,0.681511315584,8.13258536281,7.75998140718,7.07711289028,3.76619696976,3.54638096749,7.63510113139,8.87749677419,9.00864891123,9.25282108423,7.55834854962,4.86261381386,7.35550261382,5.01256667413,6.86086941813,7.53144275542,6.68563006728,7.48283164122,8.81911925664,2.31716601806,5.50450116106,8.8960684979,3.79143021675,4.65519218943,1.93612273102,5.54829407339,5.95160928897,8.52285422949,9.16193964848,6.35397662736,2.98694649443,3.18726589746,4.44847134139,4.04790772035,7.60975868731,9.10865648183,8.17835774685,8.67573387238,6.85748957571,8.67780093195,7.24242531429,3.8100719202,8.14719951219,7.58109335756,7.70595187013,4.72534604976,5.22780439646,6.05234063945
5.85117897192,7.18881509318,3.22574054121,4.56296091078,5.00734991628,2.79720935512,6.35748433555,6.1973471676,5.03304999582,6.69927189624,7.46857014371,1.7291471818,4.15139810462,2.0634100963,0.0,7.18923060976,4.55768562211,7.10662357676,4.80249437892,6.06041055997,5.46246317527,8.28592203951,10.0739011484,2.42137347319,2.74318017683,5.55366001193,2.48138889612,6.84501199639,8.74876575567,0.92977255341,3.9873546473,6.67680791599,5.54645510529,10.6347591502,4.57725423726,4.9336081489,8.72014214528,4.10323584837,3.98820843797,3.92541895581,5.81053520506,8.66938968565,3.49509342792,5.79516965145,6.96048795839,5.36818838673,4.69175481954,6.47435197248,5.06880953412,8.74144864011,3.19244193733,3.8601929416,4.41962199142,6.8356913464,8.04731864472,6.45068540001,7.24878090199,7.90269836346,3.96951181475,3.40825696745,1.92737486998,8.74126207279,3.98513982707,5.87471420218,5.59496152633,5.92252396417,6.26433723009,7.73941558095,5.94025763452,4.40588305418,7.88179356048,1.92853152742,5.35370161819,7.78359181417,4.93972345749,5.24223411348,7.27136528816,2.75705533497,7.6559759942,3.61850572539,9.04741051431,8.90471560444,3.62454194969,3.70019351522,6.37151530869,2.9042781268,7.97583863234,5.33999894934,7.5099715556,6.64742556415,5.30017371282,7.02899191295,6.04573094866,3.56689861638,9.12081342909,6.97242331893,7.44775874201,9.28258622483,6.04707238103,8.14244858933,5.52246836816,2.50213418627,4.90883084029,2.74985019976,5.81749879648,8.15392689125,5.58533955281,6.37031322966,8.04885202092,6.33070598125,3.9779741198,6.38929559365,5.49841349858,0.935636247226,6.24738409116,5.79495455224,7.56296834196,5.51207809692,6.88569390703,7.15983640436,5.61293936237,5.74971417618,4.3257185736,3.52364016651,6.13188534233,4.79688007073,4.39907505201,6.57817794688,3.94608650172,4.81369801598,6.61991670703,7.52683675757,2.08300666449,7.56103096818,3.8839753177,2.68733437478,1.48179697264,7.83700660875,10.1883449209,5.7896605157,3.30932115544,4.33504420191,5.3319636593,6.59952969954,6.87342651831,9.18117436627,6.65280994051,5.40288996531,5.42911712724,4.44359245865,4.73587766795,5.74422897006,6.61214668832,6.11198189667,8.02120346188,2.71697316744,4.7682537573,8.19375600359,3.045606445,5.47374162808,1.31218607898,5.99719865177,6.97208190772,9.7982099591,7.01248311587,6.19308764356,1.32207806952,3.33570816365,6.58967472415,4.48843394498,7.28792372779,8.865811648,5.64378369224,7.42343679956,6.36866896939,6.54847126547,7.0323680821,2.81090530502,7.78048916085,5.32318236976,5.9436580619,5.95784082499,4.32113442706,8.20388516248
