0.0,1.73969294218,1.33226003939,2.53839469466,0.995871339674,2.71069237912,1.83287512865,3.23798897821,2.46112848755,1.90217809886,1.40352537559,3.01736790162,2.20775862812,3.67936163129,3.14392182714,1.53524736377,1.40294446028,1.04785016907,6.46470728331,1.79882633467,4.61570140359,3.33617011291,1.96736039831,2.86080162888,3.65256721834,1.14989825876,2.00919773845,1.0620706022,1.49992694664,1.26000478636,0.73330676756,1.21224789795,4.15205233894,1.14420371871,0.657522171535,2.27192690921,2.15490656605,2.55137122702,2.91366424295,1.73018328759,1.87240557514,2.58412410198,1.25970715062,5.34573306676,6.56525687456,3.77546262894,1.52261919677,1.82414254289,3.64923987008,1.11684420046,1.53973247228,2.5990244247,1.42568173395,3.44353225636,1.60974943141,1.95989087321,2.57438050929,8.152265428,3.68516225166,2.93708499526,2.84696089363,3.4506710713,4.65925296313,3.28641596533,2.36911659626,5.23641021242,0.819999101429,2.63594013647,2.00110490801,1.11400111454,2.4662002556,1.87189361071,7.23898715013,3.35708555775,1.60306629303,3.31401224354,2.76096844592,1.97676064672,1.44484796266,1.09232027765,3.44721463467,2.59039132919,5.16772547788,1.93139222442,1.88298881026,1.77874078352,2.6539632268,1.26186882869,5.62863304338,1.89851316996,2.23261246674,2.10523195047,1.84526162535,2.71013289715,3.58528848245,1.73038665995,4.43674318041,2.13351522584,4.4925738731,1.24899170506,5.16068706645,3.90367140413,2.02253667536,1.55986268248,3.81772720785,4.26477300924,2.00742948079,3.58521774142,2.65793913874,2.81490675865,3.07134231031,2.11735334334,2.00960715574,1.2310424824,1.3371461846,1.21166577705,4.14654678003,4.41846755988,5.65956757477,4.6721414767,3.11733886964,1.83116210556,1.31726640676,3.31479679729,4.28496465067,4.04827451185,3.07992060339,1.65888175804,2.72245296854,3.55332471326,1.54794362758,2.59904457797,1.76626156709,3.33925164247,2.11028934187,2.42006519136,1.959486578,4.05356601507,1.03846906713,2.85157955036,1.38477691867,1.59181275323,3.04470810752,6.36589031082,2.00892873167,2.62058612995,3.29140201138,1.69951047101,4.02840469971,4.34791929473,4.48820152544,1.32500815291,4.95902369186,2.07610414474,0.991434340167,1.31810848664,1.54893404725,1.60972164949,4.00300727331,1.92903627411,2.42300925807
1.73969294218,0.0,2.82695553281,1.98740322898,1.62938733016,2.93602245102,2.84695917303,3.51734314741,1.56060541861,1.15790051285,3.16978901191,3.97828486804,2.51451566631,4.92905177922,2.3237905558,2.75523572831,3.74446740462,1.068589842,8.34230267333,2.20701939946,6.52233772262,5.06487733846,3.27965185841,3.9794484761,6.70210576875,1.48371633546,2.3698232728,3.26049905202,2.24874916995,2.84559735276,1.92344010386,2.82720520459,4.25962910046,1.01400859696,2.48602330229,0.88634609259,1.6031326766,4.04811929826,3.7190108022,0.911879727935,1.56330670887,4.02584312688,1.0229056973,7.2747030779,4.19915565867,4.27609210778,3.23406088767,2.15719469359,4.71070064745,1.7034914651,3.43331925387,3.9793857223,0.626502727592,3.95623771224,2.38592223464,3.60489920657,2.73423820008,7.06138864906,3.59755321377,3.39793696431,5.28678629273,4.91575227677,5.86737751036,3.70236660064,1.90682679878,7.55991775742,2.72218047741,4.69568554135,2.10249984603,1.30413019233,3.55341994173,2.26607237424,6.89020797388,4.64514360486,1.35015575541,4.94409914055,3.01892858339,1.41999177607,3.10810075031,1.96548706218,5.1948011394,2.67104039529,6.58939912605,2.10656174506,1.30052220767,1.5365566592,1.54180318221,1.67114882497,6.20362538441,2.26994968521,3.73200312459,3.91824200183,3.24825661905,2.42609029742,4.30117962267,3.4518609013,4.08015934785,1.64309166246,6.22109168455,1.22077434322,6.00945419862,4.74863583579,1.11189328421,1.98948724546,4.17448612033,5.97350532049,1.64759674478,4.69190589753,4.46780036116,3.28722043684,3.09931587085,4.38850141333,3.00899603187,1.82603947351,3.29256819551,2.64491463457,4.60262968031,5.84895121075,7.84563734694,5.51600944842,2.68378279213,3.10868027108,1.27142128915,3.72783476995,6.6682561713,5.07052840875,3.61688059612,1.16211256241,3.41851382043,3.3986713696,3.7845261086,1.71304677157,1.14055420693,5.3811848167,3.24854744045,1.97899369814,2.21325342094,6.20892465677,1.56901633269,2.69168739862,1.49194880973,1.14017469942,3.07792075597,9.61019408381,0.909754414038,3.42144261501,4.57332361592,1.08858996861,5.0393603458,4.51937969525,6.00196705739,1.08813851204,6.31628016252,3.54245265688,2.18748645832,2.65421793948,2.49286534041,0.788945939489,4.33058424022,3.08789769991,2.43946376868
1.33226003939,2.82695553281,0.0,4.08595287994,1.07058977813,4.80359277848,4.20614548044,4.77928386247,1.06263629182,3.66893409771,2.45581803923,5.47319275552,3.61688134288,6.25479453927,4.3802793645,4.10045052319,2.68866338379,2.60113373585,11.4667070855,3.52299750473,8.39267639589,4.16041063109,3.89911446249,7.2948107061,7.01381358812,2.65057932489,3.98007998257,4.14081272856,2.3067334669,1.47587592037,1.43725265662,2.24416855756,7.2776700606,3.04887999405,1.24451209527,3.39211505484,2.65369054187,5.54755846005,4.63956519103,3.42370204023,3.89142190188,6.25962322417,3.04416347522,2.30957735345,1.89580358112,1.33775132168,1.06739269037,3.52737727963,7.9585442257,1.67798060681,4.75449042692,6.42483951462,2.58614205819,4.77289785611,3.44887207546,1.22521650277,6.31387512299,1.88897396169,1.48984952267,2.13511902951,5.91927500524,6.64456075146,3.07367392748,6.49325434441,3.14611270954,9.04591551025,2.44777864375,6.38666883096,2.8818701622,3.16614577229,2.06414964597,4.32963684814,6.1604806879,2.36369103588,2.95907367027,6.94375892182,3.20446075477,4.15393274629,0.933851983918,1.69560778241,6.9617586641,3.29808577699,9.50462691885,3.48479109389,1.37469550159,2.67237751349,4.25690183688,2.29453311372,4.19855126013,3.15657315292,1.30857276695,4.90643556164,2.49614071748,4.46747643872,6.03818359608,5.32620186718,4.39954151865,1.07366104795,8.61975186447,2.59467825803,1.77029007844,4.72085810278,3.86285705173,3.82388065574,7.04585240166,9.69292116331,2.43464537709,5.77899775087,6.59169144995,2.51520355161,2.34368693587,1.02330087185,1.54809312242,1.8821246074,2.12570338359,2.17240044808,1.8096232689,7.80537762331,10.3765718662,7.60779045655,4.9514612302,4.36160318289,2.24628672235,2.5791576776,7.38733244714,9.20993301334,1.55019829434,2.26598789795,1.94660105864,2.35179154022,2.45074226189,2.77091152693,2.569251982,7.09954201382,5.16100448114,3.3212083465,0.851228899611,6.91345192698,1.62792785755,2.16998783792,3.20812981405,2.83147681792,4.26775061716,11.6615737457,2.03781330504,1.51053134716,7.55696871008,4.41774911408,7.21102940664,0.915226774467,3.59388341444,3.16947905773,9.78217408929,2.3787704414,1.68833864918,0.923438394806,4.37941079565,3.16545216273,5.70528345715,5.56996301621,2.99770075964
2.53839469466,1.98740322898,4.08595287994,0.0,2.61158256485,0.89019498004,1.10246861853,1.84237251011,5.23163590868,1.77491118668,4.15747187782,1.46709728614,1.28240736841,1.57443916049,1.93780365131,3.10522195613,4.52736992449,1.52703315056,5.1187379827,2.46661082393,2.46718876656,4.86621976994,2.43483978624,1.90247752059,5.67771105484,1.5873124856,3.39942469824,2.89190048603,2.21686040431,3.47846232583,3.2885523516,4.38620105358,1.6269511003,1.36215984511,3.37805479747,2.60444294458,1.8592232442,2.96247779542,0.815565376516,1.9683888128,0.969609176377,2.34400853559,1.5244203358,11.1796366824,6.30675689704,6.12481767794,4.43687555382,0.902167467314,2.93982479883,3.04633415987,2.81573146701,1.47694003928,1.64699705302,1.37654973427,1.26199417417,4.38265437105,1.25053749454,13.1503407674,7.43921619569,4.73403539169,2.93644496977,1.94478523534,9.8992508746,1.26988861263,3.11584880752,5.89805684873,3.96712208284,2.82190883852,1.58149790132,2.1386355908,5.15788205794,1.5069345249,9.86238124098,8.25233047685,1.80894456283,2.78114981049,1.21106827683,1.66155790228,3.72380243935,2.30051519376,3.36906816168,0.945126454197,3.79711063623,1.96606072803,4.25396177512,1.2232623576,0.925289366713,3.02227758628,9.9556439225,2.56643410592,5.14462152451,2.96208585424,3.83476522673,1.14514056615,2.29182187294,2.5113684361,4.06657297513,5.21292801515,2.91500409316,1.91750398877,10.3552897273,1.05692495286,2.00563426648,1.98490033029,1.99285194043,3.12362093783,2.87389167321,4.22528479777,2.31644233309,4.68459553087,5.27674963378,5.53038231209,4.68380972605,1.21084846805,4.23163755669,3.73054624195,8.09841075071,2.11517130018,4.85424511793,2.46341844705,2.04087003718,3.07471053656,1.83533863696,6.03404598823,5.46833906786,2.95017718948,6.98468903001,3.01158958125,5.35824982281,6.28643773928,4.12641475949,5.37482643585,2.56718180309,3.17785801775,2.08889437447,1.27246147795,5.68594161151,5.04292152708,1.90464946717,5.37516267276,3.60343138709,2.37650083491,0.788613957017,6.39849192388,2.91224903721,5.27151090635,2.99775955268,1.95240075072,3.40632863128,8.24990372848,9.70123560805,2.14597802474,2.99390695604,3.97208372564,3.35611138178,3.16764239014,1.69429319877,2.3439885859,1.33388560263,1.22446116556,1.70488647569
0.995871339674,1.62938733016,1.07058977813,2.61158256485,0.0,2.91129057339,1.65991472996,5.78172502502,1.28943785974,1.78353693975,1.88604507688,2.42197926151,1.73047587386,4.03569753414,4.64709796526,2.0429614016,2.08470597316,1.54436273092,4.0605091755,2.37944415411,5.49540190989,8.609775687,2.50682927164,3.50338364478,3.16731149084,1.5245231216,2.54942332847,1.49005510894,1.69710430695,1.72145142845,1.55293125894,1.56556763454,3.41618202707,1.7670837799,1.12772217108,2.3645934962,1.62285408772,2.21876772678,3.06674745598,2.18136496016,2.279703334,2.82097892258,2.07941875693,6.22807180711,5.24402911983,3.27271954553,2.1152097632,2.532387394,4.35030275278,0.773579603413,1.83286625624,2.55295835752,1.57679578541,3.11328009117,1.8411748564,2.63339009987,3.35384659543,8.09152210055,4.0720913966,4.1617464466,3.54621105366,3.75727119934,5.03989493139,3.47024974895,2.30051547149,5.28124704287,2.30365568832,2.6485910931,1.45737002512,1.536237865,3.30163592023,2.36680618512,7.10497752845,4.42123066577,2.07411457109,3.09659128875,3.32905886174,2.2495346743,1.92230519126,1.62357344326,3.27247117449,3.21961345013,3.72996629907,2.04502651536,1.52746335088,1.59797924,3.12165059291,1.98470110243,7.42716673713,2.20925713899,2.70204066438,2.62684720417,1.796261821,3.25860721143,4.63995974834,1.96002038977,6.78683435864,1.55413280886,4.44601879902,1.54607891226,5.75634198702,3.4203971729,3.91943621139,2.29853671379,3.69685437093,4.59521845408,1.41088231072,2.7675548765,3.12512106941,4.20352927745,3.72623631307,2.75472013222,2.62139208126,1.3369473677,1.58777358502,1.92899427296,4.25166732332,4.20437636518,4.60272171105,4.97794404649,3.44722323021,2.15348204821,2.05777463316,4.24758647832,3.68354613584,3.29473961789,3.34981508017,2.33045908617,3.25605978856,3.47017083849,2.82303101483,2.10931422469,4.54349573554,2.9472238615,2.65960427586,2.11255076732,1.42198374046,4.10166752491,1.40831107828,2.98712064513,2.53924716011,2.14464997136,3.10749368425,5.54527903954,1.46920476688,3.77314651165,3.14663156367,2.35581671619,3.71081251799,3.16416670121,5.86668654369,1.72974870333,4.35052645648,5.16341574543,1.10965212943,1.43991225825,2.31563383767,2.28880864913,4.650712826,2.58146895715,5.15145524951
2.71069237912,2.93602245102,4.80359277848,0.89019498004,2.91129057339,0.0,1.12573201344,2.07243213784,6.17564299933,2.50805762349,4.42029913959,1.61475735243,1.06941278276,2.15684089478,2.52546044343,3.7584501041,4.86928273148,1.67249012846,7.0466574058,2.3868552786,2.45902907205,5.87226307122,3.44184014978,2.03764750141,5.92112029454,2.01131746151,3.42408702515,2.92436351731,3.27538583408,3.94790709199,3.88677972785,4.31618247616,1.65462433735,1.36214014855,3.24969642783,3.4449993962,2.52907890603,3.25383083287,0.650420473518,2.27928633732,0.875813378715,2.5557374566,2.20945206744,7.99240815598,7.70954831177,6.2624910035,4.67316403069,1.00974821335,2.75202570952,3.34814219279,2.77580413461,1.88456436371,2.81880781705,1.6112111569,1.30684235166,4.75897604235,1.39099777739,10.4807235014,8.56260759375,5.91502659449,3.14760152594,2.57764065171,11.9361558997,1.25002857361,2.68104042847,6.52168399181,4.19563082415,3.91041997016,1.0828985835,2.09759049034,5.69702586552,1.81272222997,9.43749144352,11.1500852892,2.08881612713,3.56360708673,1.58554135855,1.67931747903,3.67854328363,1.90574368792,4.5295178131,1.24915268694,4.82781104565,0.940972702629,4.87967344911,0.889240368411,1.81304682727,3.42672165434,8.4023577109,3.31066535658,5.60258376345,3.3518522761,3.72556018614,0.956355373718,3.53820004179,2.73023704371,4.34550787833,6.26495045968,3.32838345983,2.21763218621,7.40954064014,2.08315782956,2.99795967224,1.99411580358,2.20300935677,4.5134602176,3.49396925013,6.52035683197,2.30242884946,6.6963973072,6.81514631107,5.54719032106,4.99761317803,1.11949170089,4.7430884768,4.48018950879,8.88183128983,2.59608416627,5.16407123745,3.08133090666,1.52116557819,3.36337971155,1.74125598554,7.22561380403,5.94725816224,2.77701563937,9.0616732581,3.97274398833,4.69389654353,8.44898214958,4.59674345769,5.56225260992,3.44554066668,4.3251672357,2.11773211205,1.06524624114,6.93627406357,5.53977716875,1.71483950887,5.557023729,3.90037045165,3.78726310794,0.950312381693,7.69731559678,4.26462524761,7.02196745728,3.86463631502,1.92292787338,4.11127333495,10.0242095484,12.1991232389,2.67159192294,4.57639212961,4.91825457067,3.6539499258,3.26571304402,1.99962672444,2.00890371713,1.27312300462,1.45447830193,2.81799033944
1.83287512865,2.84695917303,4.20614548044,1.10246861853,1.65991472996,1.12573201344,0.0,3.24722027592,4.99987338287,2.2647891078,3.20626558432,0.741327523174,0.554287748434,0.894679127398,1.58081448612,1.67045274147,2.80705192628,0.983896734227,3.20115270597,1.3486699782,2.36551544409,7.49547334082,1.35072320041,1.27619124502,3.54540719612,1.28169723551,2.63629546245,1.78288730793,1.13449273748,2.26309327813,3.22558030678,2.96868644161,1.98605545739,1.28763402771,2.12038300835,3.45442908869,2.73685821127,1.78674730752,1.33706179282,1.84867191841,1.09273110473,0.763191843259,2.33838888432,11.2141289729,7.38471943378,5.84464745418,2.64571408633,1.68035500662,1.84749309123,1.74260721688,1.93133266907,0.970360730324,2.61559913249,1.75271880838,0.530864644491,2.82117349857,1.47821925213,13.1801323944,7.18906985863,4.24024574406,1.79910966956,1.97454803146,10.2290473006,1.41275291525,2.48265473194,4.58831498748,2.51982331927,1.57375918155,1.41942394955,1.69298954367,3.32881555893,1.08744480674,9.63798729493,8.22124237308,1.71782332577,2.01734161003,1.74046848078,1.15690233043,2.64539551761,1.83404600101,2.29170819979,1.4051694395,2.79936032522,1.68101234349,4.39913733084,1.15385333873,1.78593244091,1.59506987424,9.86070946047,1.94206154461,3.63349969812,2.46901618592,2.53460613606,1.46955869348,3.38728938316,1.58953594154,4.7586843348,5.30036297152,2.3486418251,1.50631746148,9.459474711,1.41067555412,2.02552840223,1.1198245316,1.61195108497,2.59788499069,1.45528617487,3.18466388586,1.49535976076,5.62567248748,5.13651002309,3.23165248645,3.18236454606,1.38198673692,3.02319901583,2.73189511499,7.35163003202,2.13000546781,3.81598929308,1.38962624293,2.01907328047,2.02382349173,1.05315055643,4.9072669168,3.46410518638,1.27995250376,6.48978307995,2.92708792874,3.97281009847,6.81439806957,3.23501419476,5.01797341703,3.66252280196,1.87564891843,1.12337875371,1.09383552458,5.71540875174,3.98050013234,1.90913308457,2.85755763306,3.57184805573,2.40185212598,1.26140391863,3.93116894024,3.26470960473,5.47930726189,1.9271660811,1.88125454829,1.42451570584,8.39722268389,9.78177919576,1.54937965911,2.48099384233,4.32217890261,2.53629892517,1.77862732612,1.51703774217,2.68862428155,2.29312766827,0.998170148129,2.44784324646
3.23798897821,3.51734314741,4.77928386247,1.84237251011,5.78172502502,2.07243213784,3.24722027592,0.0,6.84332679897,5.6802955224,4.80401459534,5.46242689464,4.17989210116,8.86070640549,1.1089320128,9.89288160403,5.17010253013,1.99190269114,8.84126637177,8.34045711705,2.38771213943,0.98943890228,8.83882828584,3.27453852298,11.4930184457,3.32692678462,8.83118241641,8.63678803101,6.60192321642,4.43933829314,4.52177443315,9.09053527,1.82224772147,1.74709846036,5.41620383408,5.06173220388,6.66238462875,3.59205074795,3.13922796423,2.42443473531,1.35920362989,5.13008748354,2.0798785512,12.0264272458,7.52113525865,8.05132626344,4.92500787802,1.56447188299,2.80736107244,9.05655685252,6.28391704246,6.56862317731,3.78184792866,0.948272114853,4.76728557424,4.26153667347,4.17782789049,14.4123501718,9.36764277094,5.49132298781,5.93967545684,8.18485860683,12.5531710254,7.23721941055,2.80405175004,10.9872662557,3.99834904018,8.94406258901,1.60024535889,4.20576586635,5.4626357915,4.27397722993,11.9823510036,9.57563084549,4.92190073535,3.28891281769,1.43856519055,1.83325834878,3.85808508647,1.60878512983,6.69054745549,0.804515310527,5.73004172175,1.65320169965,5.9122139366,3.33558597525,2.06617970681,3.75495288441,12.7090683459,7.16164527399,6.07193867496,8.65985483099,4.44633457679,1.33904766285,1.21992605506,4.88270209118,1.90187387509,6.16834526852,7.85576361995,3.68464520134,11.2437602452,1.60967784263,2.5275793859,2.77248959574,9.2673896681,6.50069661417,8.22785548325,11.6572446898,3.12439656424,7.71380835092,5.01327534392,5.12875523731,5.33499928845,1.55467181557,7.92754011412,5.2120108878,9.97288122237,6.70853269103,6.92109305606,10.2193955636,1.2485318989,8.74665157608,2.11872410315,6.39269080909,14.4656989051,5.63876338769,8.44970087363,3.85039395809,5.67942757515,7.83905399383,5.98110731025,4.00516668592,3.99497758234,9.31480538538,7.02234786649,1.83229389546,7.86032995732,12.5456663677,2.53931694279,5.36315422879,3.304466657,4.0626026606,1.01900511272,13.8979486023,5.19452952198,8.26725941784,4.98420008492,2.85812189157,10.1215100938,10.1596175052,11.0581299535,7.66361328576,5.19480695716,3.68165594591,5.95375415171,2.96224570228,2.14615198209,2.72703003095,1.01453690924,4.21013323326,1.24209409541
2.46112848755,1.56060541861,1.06263629182,5.23163590868,1.28943785974,6.17564299933,4.99987338287,6.84332679897,0.0,2.71169108262,3.83617744252,7.94134189471,4.78309567642,8.50021975726,5.45389355344,7.16585687701,3.8944107399,3.52282105012,16.4458847381,5.39329096379,10.251694923,5.30637420163,6.45690260011,10.4140644494,10.6807640776,4.95475974612,6.64924315134,8.13378272039,3.41951812987,2.61249049183,2.32174008704,5.21344155832,10.088968026,5.34933359798,2.63452300955,2.04497901445,2.14055663189,8.89187461087,5.91428037923,4.73837150495,5.41483593521,6.86636827574,4.05401440388,1.99753278576,1.60802550216,2.79181587456,1.75643701812,4.01393724778,11.8967612163,3.41474381857,8.42927874835,9.16475701939,1.57086461303,8.27447566016,5.066831654,2.18525156004,9.17768262217,2.05751576672,1.50448991423,2.80360332144,8.56516836159,12.2598753745,2.99209299949,7.92503485768,3.38944190439,13.5772830591,4.13527043474,10.2443894125,3.37544040654,5.81158835273,2.52715400952,7.45834652644,6.58493902266,2.23420380358,3.87996975667,8.87331348251,3.88377325381,6.78525701982,1.81920879935,2.62670976324,10.0929164284,5.03097811946,13.2048475111,4.23206999311,0.562621834246,3.55554028973,5.40236028417,3.10216328834,5.0892356537,4.93764885319,2.43337281673,8.42051617741,3.46626492597,6.34913569896,9.95514425253,7.89120931999,4.73324846775,0.605260982667,12.9670714761,4.10262032935,1.35191704818,7.03453516515,4.27774556835,6.70963935131,8.90101063157,13.2728897375,3.46670156893,9.52213331035,8.02542479962,2.42248570062,2.56421728389,2.48148701963,1.91466988847,2.38760862293,4.87999838955,3.26529357618,1.37096758001,11.2654643654,14.5435893017,8.81801162348,6.16350207279,7.32174257174,2.21876684595,2.40205763082,12.7282127733,11.1685849259,1.84015690927,2.02921476415,2.39480702424,2.4414785893,4.3158553429,1.53151115642,1.20127723643,10.6649677236,7.37620953611,3.26608642262,0.509639041921,11.1985449883,1.80042703007,1.3211826954,3.07626552542,2.61462529752,6.12725182163,16.9032383968,1.20359850593,2.32705319793,11.3889107896,6.13828610972,10.2655387903,0.80000640432,3.48842120079,5.01604827437,13.4886329118,4.53053765995,4.1755038965,1.68103116358,6.95221116245,1.81091040251,7.06787169548,9.25409634689,3.69360910357
1.90217809886,1.15790051285,3.66893409771,1.77491118668,1.78353693975,2.50805762349,2.2647891078,5.6802955224,2.71169108262,0.0,3.1409061153,2.79142744284,2.25400083067,4.33587186236,3.61157813145,1.99190211886,3.40346100808,1.51838589678,4.98534133931,2.78929705939,4.3568098655,6.56564192367,2.95715037596,2.65553035666,2.97199421591,1.64497342369,2.1536065413,2.22051123583,2.70097392649,3.55583254866,2.13503359053,2.99906049866,3.29051333213,1.03586384608,2.48603208814,1.20399640137,0.901670370691,3.117673189,2.98226538576,1.52251231285,1.35351384065,3.06958421154,1.42439561458,5.3233531088,6.44807291101,5.29740337661,3.89187572306,1.72453576291,3.2615520711,1.43540823977,1.96916007885,2.17223685611,1.08671936583,2.80369105773,2.05341211768,5.15014688942,1.66463599113,7.43495552437,4.89697865138,4.69653177724,3.67052147594,4.0290515561,6.39134051674,2.78006381217,1.87140538984,5.28819251119,2.75876410913,2.63943577629,1.50412013913,1.95576596,4.16477021702,2.10952089369,7.07762460412,4.51279533721,0.681928693922,3.69509432823,2.98794188394,1.68885762516,3.38510468013,2.66176811814,3.50738688862,2.91174020599,4.10521159415,1.52100001444,2.4786403094,1.85142162659,1.23118646455,2.89732468135,6.36039811532,1.64039418168,4.61501540592,2.97285868986,3.63134412268,3.28388801594,4.57724432456,2.54507732727,5.70170928251,2.65623658429,5.23883294922,1.49745917423,4.53683943541,3.44790004777,1.90768270584,2.1137611201,4.01251104414,4.79707839574,1.29339199207,2.84106645216,3.46459718841,4.16457097481,3.87102804076,5.69798863882,4.06715055459,1.54681421115,3.25194819349,2.87522577363,7.06158709829,4.98716532971,6.12431004163,4.61134462554,3.47401790093,1.2319941594,2.17777684593,4.75885237275,3.87244816752,3.69981375826,3.53753175991,2.30950589995,4.2371074219,3.59934608355,3.78820396666,2.23601300349,4.11050273388,2.93481999794,3.19427300516,1.81480686454,2.47090913799,4.24308212189,1.80833778363,4.25509446829,2.5734174946,1.3608416769,2.32249698901,5.15595708875,0.720360946757,3.38941946279,2.77942753756,1.55597773689,4.8108939956,5.88587114983,6.05025842092,1.13154464921,4.76585302972,5.93269031397,2.34590668984,3.73517885042,2.43740602361,2.29389645345,3.42786993545,1.92765994171,5.19884875472
1.40352537559,3.16978901191,2.45581803923,4.15747187782,1.88604507688,4.42029913959,3.20626558432,4.80401459534,3.83617744252,3.1409061153,0.0,3.50472666075,2.96931969132,4.82830960244,4.97863969985,2.13866083014,0.733348201602,2.78687323987,4.3571723513,2.83534366989,5.08558505152,5.35959432074,2.67191105301,3.69160003923,2.0847949822,2.570018096,2.9112537776,2.1865093795,1.73542261276,1.95192207372,1.02303028584,1.56201409788,5.18504800306,2.67442838704,1.56928700356,3.73660775965,3.47111816109,2.08994035595,4.40823340279,2.84141738321,3.6645259299,4.01463604195,2.71763928836,4.92151691376,5.31764991755,3.06359244388,1.16904597646,3.34902802696,4.7580024573,1.98812370093,2.41207112527,3.12715539416,3.25538656991,4.13241599897,3.33968484512,2.32799203717,4.25661452821,6.87256208369,4.03743609463,3.09749860798,3.13310172313,4.71552457355,4.06919600296,3.82866188397,4.60295076844,3.301705331,1.4019117842,3.32072791654,3.46911445479,2.6826566146,2.31995400486,2.74896613892,3.94522556406,3.2058127313,2.53321591534,3.01220116178,4.34616972787,3.07315959486,1.33877206857,2.12572953262,4.01610631682,4.04272530649,4.10316494253,3.90718092411,3.41818332621,2.68941270245,3.50861450731,2.36993191214,4.56105732543,2.25806982351,1.46918126908,2.39369248208,0.821799126303,4.88187610737,4.86554581873,2.01008128054,4.11349557648,3.48562111118,4.48782834849,2.08004881156,4.76251716259,5.40887086591,3.62900135929,2.39503916056,4.26239438886,5.1018255366,2.21387934582,2.73460084968,3.25977066419,1.77308053474,2.52197178397,1.85087411643,1.93575102508,2.39786337437,1.24793611704,1.79101682719,4.93784946037,5.05917651162,5.13942559721,4.48156216447,5.37118234933,2.34275332201,2.98631984391,2.58751743566,2.95711021403,4.28646634084,2.66449784178,2.70511325964,2.20519894442,3.26343967054,1.48948516975,4.65464930266,3.38278974143,3.27427928416,2.21901287364,4.71719845989,2.84679926988,2.14930887797,2.22518196033,4.28767496253,2.20986680656,2.51444139023,5.10462791554,3.74596964196,3.05592155779,1.7116399456,3.53813263408,3.27834478943,3.43933042104,4.53862566903,3.90876275418,2.59042954786,4.68220983351,3.11778716496,1.95890591242,2.06712237584,2.81243813518,3.6551758816,5.58878874045,3.50954955839,4.52501987033
3.01736790162,3.97828486804,5.47319275552,1.46709728614,2.42197926151,1.61475735243,0.741327523174,5.46242689464,7.94134189471,2.79142744284,3.50472666075,0.0,0.972377297601,0.841211578567,3.14320763904,1.7542821098,3.37084664426,1.60940638944,3.61623860581,1.72301652395,1.80481475131,6.15512069147,1.58185588154,1.31452434573,3.53688232571,1.75120158694,3.29739807283,1.87899030607,1.23551972147,2.89287958545,4.65645479919,3.56442035805,1.18014857611,1.6463288442,3.07652858161,4.20767458297,3.18426661303,1.71997691636,1.64421715602,1.88411561557,1.35425003598,0.762489541481,2.54901370281,11.2856099759,9.18022791404,6.41698693057,3.90667261732,2.35709631749,2.05611318137,2.49322475142,1.53892438286,1.02599150293,3.4049938852,1.95474025135,0.771515322456,3.73445711042,1.27329393004,13.7717781287,8.33518473935,4.82781963042,1.38262809309,1.54556905077,11.4608753066,0.909788605517,4.85346141778,4.11505161061,3.56211084761,1.17853044406,2.94385639086,1.80945547408,4.89264631111,1.33389625212,8.41794103098,9.70787371778,2.81565005856,1.48156831666,2.59324881454,1.21954231047,3.1612548462,2.41182226196,1.98885766207,2.11505085404,1.77871440637,3.43794328004,6.41090236218,2.02329085049,2.06561958956,2.61127370983,9.35032511529,1.53303675941,5.00039706183,2.63436807335,2.6212046663,2.58020910386,4.4584153182,1.44898297951,5.80844483036,7.3307353425,1.527150878,1.26080195065,10.7012055585,2.08002813545,2.72989432071,1.46883430702,1.21609675309,1.84120832389,1.90742327599,2.61266543579,1.33661567175,6.02400222141,5.51680340004,5.13652350284,3.87166395797,2.22995565706,3.70831601441,3.51006738813,9.86790503961,1.55124854981,2.88115144969,0.615438558755,2.90723804569,1.78282568997,1.82823934133,5.42352937461,2.68438366145,0.914557788876,7.85077802841,3.56482244757,4.93917936156,7.97983622971,3.45325140876,8.16413752771,4.67942008852,1.60169410152,1.47507362424,2.34810490981,7.42670668084,2.99002849741,2.15508159968,6.09326439729,4.11391099131,3.2415920062,1.45824399907,3.56556626228,3.99268590757,6.2359074156,1.14009578413,2.03817248625,1.48716750978,11.7132327592,11.2502692794,2.26584632991,1.86888657099,4.94788562669,2.56455505201,2.81213748451,1.19403219622,4.54799536982,2.62022313542,1.12881503924,5.0836291339
2.20775862812,2.51451566631,3.61688134288,1.28240736841,1.73047587386,1.06941278276,0.554287748434,4.17989210116,4.78309567642,2.25400083067,2.96931969132,0.972377297601,0.0,1.37339992746,3.11792167129,1.78329253287,3.03987109545,1.1734661979,4.44921247813,1.30811525237,2.71280280973,5.44777417038,1.57964025846,1.5329515913,4.22779704355,1.31391118258,2.6892938212,2.21945568019,1.10920007615,2.82306088875,3.79017136635,2.85407005189,1.96019742293,1.2331352786,2.47695032354,3.48431866784,2.6851538055,2.58313868795,1.22013758652,1.79761018673,0.967784943498,1.31836482507,2.25116394393,10.016796239,7.61096276122,5.21161118219,3.33082554831,1.63816046547,2.81413922575,2.08354952399,1.98820219099,1.31265011244,2.52987554634,2.29988262021,0.897606974452,3.0329477806,1.49843401676,10.8493301389,7.90227431055,4.82200214352,2.64441706615,1.84786212206,10.2309908681,1.14352343822,1.64228608656,5.53032351619,2.5741887569,1.78248035726,0.742004576663,1.62085803164,4.09916917008,1.38364318807,8.20906816234,9.68932368852,1.97594602285,1.9751192151,2.18068954669,1.54162057378,2.87424928152,1.42108713795,3.34869276171,2.383387952,3.41177318512,0.777577543192,4.0762589338,0.760256787038,2.15117260923,2.10459518627,8.57150995275,2.01897809478,4.23851367185,2.44199892996,2.41786957068,1.70313678715,4.26930422834,1.85567130001,4.94602222463,4.52129650037,2.7112390072,1.3593711911,8.81916842521,2.18775238563,2.8885606431,1.18194324442,1.56082213509,3.01678103039,1.69475613663,2.93146541542,1.69063858521,6.46553996159,5.43055623499,4.00497179193,3.89487385438,1.07182027441,3.05841613275,3.20588231975,7.06349614611,2.17333764587,3.87590662371,1.63113622435,2.64484834649,1.8746206502,1.29468256151,5.54266114987,4.11216917095,2.02118422148,8.12277245341,3.12680095944,4.86735085645,7.56067969069,3.34527347778,4.36757977142,3.79978526357,2.48668729845,1.33120502006,1.02354110627,5.69736031038,3.69441551274,1.81723757668,3.17866795293,3.37016975137,2.84128618519,1.80243885101,5.83167989538,3.73525201724,6.65065811086,2.08775042646,1.65334245446,1.66677392767,8.31647033847,11.1892494412,1.56182508133,2.91625650293,4.34987275992,2.30332289682,2.57849500129,1.42983334461,2.19054273023,3.08249225341,1.20347754647,4.69418107815
3.67936163129,4.92905177922,6.25479453927,1.57443916049,4.03569753414,2.15684089478,0.894679127398,8.86070640549,8.50021975726,4.33587186236,4.82830960244,0.841211578567,1.37339992746,0.0,4.65420155444,2.9558121233,4.21437044293,3.29055929743,2.87095841016,2.57757939505,2.41363495411,8.18461075661,2.18631167763,1.73412458682,3.70516504758,2.87773177048,4.27256225804,3.07010940211,1.74532875591,3.9465621101,5.78309853237,4.73158750099,2.69892824818,2.97792364953,4.27384508864,5.85963658008,5.13803811087,2.43165796551,1.42121486031,3.92783231604,2.37026936143,0.641929967273,4.59325015723,10.6366769335,10.8310146665,6.56608804294,4.68803157845,3.96703785249,2.13621174831,3.43417860169,2.60321051284,1.78255135373,4.91212809813,2.65935742894,1.372453522,4.446445319,2.51896671342,12.9095212884,10.7098815405,6.377100971,1.83039614071,1.96843117357,10.3601845134,1.53467127321,5.4144240922,3.93787339462,4.21845460447,2.02634930907,3.14320085017,3.53275413336,5.40136864981,1.9757287259,9.55993611794,11.8653663879,4.02864148931,1.38017688667,3.55741120806,2.34210878031,4.08343693147,3.12605988159,1.39358474671,3.66985696413,1.65371598122,3.83602073116,7.58971959083,2.82178098179,3.78237857732,3.41428337086,10.0255484388,2.52049085357,5.40415197582,3.25851745942,3.40011845737,4.04752412422,6.36582752786,2.07197734149,7.25088339204,8.42176230699,1.83123544736,2.57660903241,10.0768215203,1.77600523639,6.15163122395,2.14539364257,1.34628653337,2.10794135457,2.80209596519,2.45103574306,1.96363054774,7.58730826236,7.3904819768,6.32868233063,4.72674172098,2.78506970623,4.77433648466,4.44394480586,11.3665569871,1.85557698158,2.47172074656,0.816626234997,3.80162019413,2.58659294173,3.54447467992,7.25676833721,2.99750534458,0.676543412422,10.3448927165,5.27021128669,5.81063241716,10.5052567654,4.53759597748,9.12781109009,6.67730532966,1.56711654328,2.24032630084,3.22855624812,9.03216868961,4.1478447863,3.68375404347,7.23509683597,6.22578942115,5.10591906134,2.11365984793,2.2377414261,5.51163672319,7.95614497432,2.02985775978,4.2266542176,1.65774148118,11.6942676875,13.6181197837,4.13819987958,1.84101449273,6.97610553029,3.76706286936,4.12853172399,2.42973724261,5.50806313435,4.31546291225,1.7546480622,7.44409353833
3.14392182714,2.3237905558,4.3802793645,1.93780365131,4.64709796526,2.52546044343,1.58081448612,1.1089320128,5.45389355344,3.61157813145,4.97863969985,3.14320763904,3.11792167129,4.65420155444,0.0,8.183207599,5.53011342216,2.16293538873,12.3324583945,4.87700374152,6.05106263521,1.1692879153,4.06694271227,4.08748815947,10.9771718777,4.89316942816,6.75075770891,8.89364472246,4.66011406493,3.02592942269,3.56940944979,6.81398042072,2.71994998275,3.1041403605,4.2258884617,3.29568507712,2.97496450427,7.00326085063,2.47554643087,2.46776233346,1.76412318877,1.37147991926,3.12529686356,11.7158761399,5.1252842088,6.05971647277,3.12613629341,2.10609563744,3.49749286722,4.99628772463,8.46891987009,6.02056630224,2.25773227224,2.22943280225,1.47732145846,2.94883423478,4.83237417705,12.2899123701,7.43057549729,3.29644474976,3.71188431587,10.3154327025,11.2147950892,6.32425735382,3.03466803253,12.7100601,4.6578103729,10.4568792601,1.82002410392,5.17836373547,4.03044745399,4.15619346876,10.0779889717,6.49740125791,4.44921430156,4.82625501746,1.13061795615,2.2760548692,2.4963179855,1.9956212178,9.98593923276,0.910857879144,8.15821884205,1.64843690739,5.48784228722,3.0173035845,2.31431739709,2.65535130978,11.100618861,5.64821859272,4.68540731633,8.68902647325,3.95713748729,1.03551525332,2.27924085264,6.33363094801,1.82014168015,5.44358397026,9.42967701342,3.98755178997,9.9610570352,1.68184449168,1.38374270355,5.00554519076,8.32316966478,9.614300929,5.23758569884,11.0651739346,3.48654059989,5.41411534517,4.13731077513,4.20230511358,3.879791647,1.40075039788,6.05180429842,4.40400685024,7.13887941903,8.66813964784,11.1120348318,7.00829678027,0.912982152995,7.28695863712,1.53322726082,4.08737773771,13.9408324463,3.63388575497,5.263683543,2.46707028694,4.94592706224,5.93931986076,4.99256136706,3.67927471276,2.30377408593,10.0112770135,6.4985727356,1.25748110861,7.07596755495,11.8704942596,1.79253161945,2.87277604501,3.1643899533,3.16769844825,1.42758549464,16.1386004506,2.70005466204,5.50361143221,7.9462015673,3.12556201434,10.6128731359,9.17369745029,7.64274081024,5.33449166492,7.90934657899,3.31224902182,4.86446837047,2.6292016441,3.54335482575,2.01926289335,1.77272389218,5.14389219562,0.927125574591
1.53524736377,2.75523572831,4.10045052319,3.10522195613,2.0429614016,3.7584501041,1.67045274147,9.89288160403,7.16585687701,1.99190211886,2.13866083014,1.7542821098,1.78329253287,2.9558121233,8.183207599,0.0,2.22370142336,1.94701087702,4.78063161978,1.32609163968,4.67527521406,9.88090655689,1.84834122709,3.21863431435,0.896345935678,1.88303173313,1.04338307841,1.05647784955,1.75878750826,1.94525234862,1.94007034589,1.10110251443,5.09136013803,2.37151625236,1.14418963671,2.59523899402,2.92491241741,1.86195246873,3.04513852475,2.43684313034,2.67645761556,2.39475436177,3.47501465343,9.34232173534,10.178857825,5.91218337339,2.3713047455,4.0252050735,4.93069770225,1.08445154426,1.31568479228,1.92442450414,2.46661817424,5.09008919664,1.96029809876,5.60141572802,2.76781525966,11.7126710206,8.84886482572,6.54636411571,2.10370233385,4.59562584459,10.2078196065,2.58750009291,5.58702540664,2.65468578422,1.67168660271,2.97558190995,3.09766406813,2.17179948188,2.08917716225,1.23076061819,6.55121453789,6.36429311219,1.32736074145,2.14580029281,6.95956972334,2.81244157692,3.05370777859,3.9366464883,2.56063170423,5.5290938512,3.55266466842,3.2110011958,6.39635593744,2.0017013199,2.66759062873,2.48221894482,7.19026069935,0.877716673941,2.25476919007,0.931880719024,2.41913189111,7.24121524749,8.1077814745,1.00040875428,8.96840301169,6.05732299591,4.0899392333,1.0833922194,9.25544527729,4.84642225622,6.12552569843,2.24605121966,3.53764083521,5.19179683944,1.36290036199,0.976766053861,3.26631296846,5.89788269629,2.29809057352,5.26818633706,1.9349125827,2.04391297128,1.15820664214,0.81838321918,12.1128805154,5.30576711724,4.8055904316,2.90995299129,6.57677296814,0.775089739528,4.60183604506,2.50601223847,1.74975709506,2.56788761042,4.92720341014,3.86385840879,2.03255630478,4.62972169138,1.99041518207,6.50719940067,8.63701058713,2.09132504002,0.99834606614,4.31126958905,6.11281714057,1.56966076848,2.37582186231,7.53952808725,4.47464190334,1.29514867805,4.81269474341,3.28549697766,2.55331481634,3.53212267105,2.92020408051,3.32703830362,3.30111233416,10.3274090291,7.59043564927,1.89218178761,4.03614055977,7.35229587324,1.03410781548,3.89647970477,3.16789903769,6.18426393407,6.79885318509,2.25402841307,9.14412612951
1.40294446028,3.74446740462,2.68866338379,4.52736992449,2.08470597316,4.86928273148,2.80705192628,5.17010253013,3.8944107399,3.40346100808,0.733348201602,3.37084664426,3.03987109545,4.21437044293,5.53011342216,2.22370142336,0.0,2.80557777954,3.98493220982,3.08401002996,5.0655447349,4.73284517317,2.39095221577,4.26868017904,1.9480377725,2.38793311512,2.57509530769,1.77932015441,2.13376990528,1.28481911855,1.31737722636,1.45970474582,5.70683584885,3.25968047999,1.61758490291,3.835382021,4.1973278765,1.52659424743,4.49975833099,3.09236189364,4.02407705863,3.48093017725,2.81689115925,6.24092366168,7.02329750106,3.42997194047,1.3178048903,3.41623208801,4.69957754756,3.02495453171,2.27781890338,3.46478729199,3.48651452643,4.27994308102,3.11375424719,2.23555214571,4.63441531272,8.42692910044,4.16008238763,2.58822470394,3.0579170681,5.01863291693,4.97496893125,3.85215636855,5.06875678674,3.49844950109,0.965302102501,3.29509777178,3.4312131341,2.48681653418,2.05009824198,2.77312981088,4.9402716867,3.9105526713,2.2951222476,2.79860342465,4.41666725372,3.12312854216,1.55820567762,2.31372146354,3.77632018338,4.72534893268,4.25417853426,4.18699671113,3.32545452937,2.82157517628,3.58801495779,2.38971092682,4.71815489647,2.21461733791,1.11075121922,2.13067539684,0.95409957875,4.87841940132,5.6342011121,1.94118387043,4.50618088094,3.30920666425,4.44158345252,1.69652497768,6.22455547016,5.25839422791,3.3256755553,2.88983450847,4.24680078601,4.98509449942,2.49204779503,2.53966065507,2.9260558238,1.97252201397,2.32280608425,2.29856509497,1.71482097159,2.54223502635,1.11114953984,1.03522055011,5.76318558634,5.71574904398,4.50937606641,4.3982157894,5.19059751155,2.31722091116,3.0820726581,2.20168553744,3.22777055586,4.12050822064,2.89635373627,2.6589573268,2.04560299008,2.74962957474,0.927734533074,4.91706977466,3.68282220182,3.16813363186,2.31813383954,4.08123944513,3.55980868276,1.87871297106,2.27557986997,4.10232349551,2.32278634674,2.60889509998,5.11521472295,3.73403217438,3.61166082617,2.1020109753,3.55870305757,3.70506008132,2.97771093579,5.02198555568,4.70783261968,2.91645347554,4.5532903217,2.73476311975,1.14541842696,2.0156685674,2.93805046009,3.90396558237,6.53834608537,3.63322597018,4.213141913
